4203018	
130319025	
1948708821	
108355848	
130298629	
130184628	
3589474	
131849971	
17999724	
566080	
536375	
68171987	
2988148	
10333057	
129664144	
2993008	
2315611	
520070	
517659	
32412716	
2340253	
132024748	
102856908	
18567513	
520725	
8890640	
66115443	
16969725	
4173036	
778384013	
2068327	
518986	
102474045	
98533601	
130730995	
27058682	
132903965	
56988152	
130387238	
22169006	
112527856	
9056341	
2309506	
3651508	
68050939	
2473990	
132226440	
127149063	
23912074	
550469	
32814325	
130980904	
99688168	
108336585	
122283155	
130740574	
131331839	
27382535	
536995	
38089218	
98070088	
538595	
536123	
112151729	
66700939	
125958855	
90576027	
131961131	
67087734	
2290345	
93794957	
2356225	
121894837	
101622238	
512888	
131826937	
83467055	
18240797	
551242	
90051880	
566187530	
131536309	
129778820	
130526079	
130888594	
23090916	
130928834	
566541	
102973511	
131463704	
129282724	
501002	
15860276	
94024802	
121881084	
108169883	
508104	
102118697	
5964975	
65333790	
130359725	
2742937	
15947829	
14169125	
91061957	
3666706	
132880231	
69616725	
66720347	
110614864	
92234844	
127677534	
131125590	
525994	
129646890	
112625480	
1914664	
19491103	
2036530	
4300107	
17063480	
97741437	
130780377	
20658885	
131414030	
2577952	
5248693	
131625161	
13917869	
21647388	
540218	
131789421	
19475972	
3151891	
2727952	
4131157	
131421411	
130354969	
4668834	
110509739	
127230611	
68611177	
22038150	
129974863	
2339650	
100452197	
96281090	
131062608	
17198912	
114003403	
93407366	
129847758	
131781745	
129355193	
2716477	
98782120	
79610793	
131058619	
92033370	
132244613	
5364868	
126943055	
129423250	
98129883	
1937752	
76948810	
131479962	
102516096	
58876299	
108140744	
91976875	
121797610	
68240687	
130785857	
17813750	
1227258560	
5208352	
52346671	
130944307	
123471444	
132878954	
59931084	
131304191	
123301487	
95470118	
21616812	
4107708	
131863305	
131534365	
127191604	
131187843	
79206580	
80594295	
32675893	
1313007448	
2867470	
2361073	
520453	
113157776	
97983454	
13791202	
129874522	
10650338	
21067633	
124055961	
32572563	
123913329	
122486153	
94280247	
98775621	
507755	
132022423	
131918281	
57556509	
131199686	
102117465	
90475529	
129747269	
129997864	
94033238	
132104951	
13707523	
79220284	
23995696	
13810171	
18124258	
124620078	
1972927	
110509795	
23093707	
67982748	
534813	
8009245	
131780544	
90339417	
69810563	
5332877	
93205974	
130892706	
3081820	
20709213	
58032122	
101953768	
11549988	
120148983	
68968210	
2006080	
130331560	
5724122	
15123172	
4220682	
131060979	
130730917	
18212251	
513329	
41809018	
32340636	
1955224	
17196814	
132988710	
130797859	
126836467	
126357948	
126049371	
113989989	
113967694	
110524264	
95985253	
121788306	
76765675	
121945407	
108326453	
66996117	
130907850	
113114494	
541165	
131672725	
126161497	
93741120	
127970510	
96315908	
131415723	
76968114	
66360425	
130199782	
132074973	
67519205	
129893458	
129764328	
101934093	
76740244	
132619810	
130801297	
76883679	
2019928	
96618327	
22363547	
96738698	
98430377	
125166784	
93507832	
124748697	
90096032	
97583757	
67662950	
45823060	
518037	
92358053	
82825987	
91015781	
59252602	
111829980	
130016863	
98759587	
130760301	
123620177	
130496044	
500940	
111824107	
127437571	
127176085	
2202865	
130004703	
113863043	
98779037	
72348890	
96327184	
123311976	
17164350	
24914363	
126221552	
22884846	
77291391	
92303482	
22989026	
110324287	
130917906	
79306219	
130644802	
23460688	
4065172	
9190531	
130902248	
110404570	
124573705	
130074904	
131649347	
131578248	
110549303	
129962672	
131408001	
102024804	
131656171	
72196398	
130739861	
112190667	
130529708	
129345684	
130365310	
5520263	
92760092	
122769537	
130980765	
98780076	
15101958	
129778871	
128065271	
130179066	
18018517	
129666322	
96391537	
127178501	
13659940	
129783118	
111829051	
38795427	
1898889251	
125245755	
5676768	
69314503	
93660739	
130235206	
100944436	
539403	
129966664	
95280961	
130987195	
132914236	
130828231	
101964318	
21617144	
97450775	
132293090	
23221460	
125405456	
125129475	
2779768	
93227294	
104633774	
130471785	
101938403	
97823534	
130766125	
131299190	
131509100	
131476861	
76666923	
113104854	
132072638	
73582232	
79608412	
73592811	
17931237	
3123985	
97429212	
129853520	
98757449	
129839140	
101920339	
131006618	
90918535	
112084956	
91666871	
97810823	
130473170	
92652327	
67050910	
92863714	
131759478	
131795080	
102500432	
67517333	
130983519	
127437614	
94315967	
2954893	
131579721	
102369024	
122010339	
120059064	
130352664	
97333961	
27302770	
102970225	
76735408	
98320322	
131697717	
1967408835	
1998391	
513604	
110824472	
21301905	
93801114	
102088758	
8877535	
2935540	
99609183	
130708090	
510660	
93583597	
5286691	
73620037	
129675973	
131945838	
13889024	
113080735	
126914365	
13790460	
129376847	
129142824	
132589663	
126915816	
22419005	
4728636	
69261521	
97053098	
4542910	
2901988	
83486607	
69489452	
131767719	
92090573	
32704021	
127143024	
131710927	
68948071	
27421074	
13897724	
6323247	
130477077	
98740005	
529362	
112615837	
18143932	
3178141	
2873875	
93425176	
131842835	
124477417	
125239629	
15104339	
130317943	
101285837	
99058148	
1063287705	
98878396	
111550097	
96216449	
129681206	
531692	
2072983	
45542601	
123294484	
19612173	
3891871	
121857503	
26933485	
130599453	
48022346	
124547806	
124462712	
97772689	
130311274	
93761947	
129645731	
130387748	
23461615	
132990921	
110106082	
111771444	
114799442	
130187946	
92047942	
124128873	
131524844	
90912774	
15106050	
2780647	
92400777	
77241850	
58137369	
101969197	
93377592	
101142628	
129644866	
24829131	
532427	
83498349	
26989575	
98881411	
97066042	
20832481	
128375303	
5602288	
109461600	
130636422	
91009319	
98101685	
129684792	
98062791	
549463	
6334766	
504634	
91917833	
75626805	
510320	
108132013	
129706185	
98031105	
93487366	
112137867	
58322041	
124343721	
90947193	
98113364	
97989858	
114903315	
122901638	
113111195	
108354077	
91691950	
97192599	
19828496	
129108511	
8915447	
18040341	
97136041	
128466070	
112506061	
4115165	
112229048	
57875735	
123869591	
97822840	
124512568	
102523618	
127751251	
17175694	
22237991	
130914632	
90535154	
93389432	
2741800	
23685200	
113894845	
97567356	
121862803	
96650388	
96633795	
63187120	
72347843	
47930527	
90399336	
73565949	
129808361	
127946155	
20749891	
20666384	
128669841	
19110508	
3570508	
3232363	
124151302	
96036850	
130405650	
96480844	
126284447	
112151262	
98702784	
126311166	
97699102	
130876496	
110862888	
92094174	
5447719	
122862629	
563199	
127000254	
98678823	
66586585	
122109648	
92172134	
8291516	
97241978	
70133256	
93526728	
27275925	
90095951	
92329372	
4665606	
93510444	
98932230	
95543198	
130946881	
2680528	
122658332	
102044721	
96366216	
104969943	
112243635	
28576064	
67759774	
130812412	
126234245	
108332969	
90464735	
6145588	
6874180	
114458327	
122728258	
123787657	
123924786	
124948009	
23512515	
102170730	
22428224	
79450431	
19085387	
18274333	
17679013	
132139983	
130348660	
97254766	
131195679	
96060458	
13837558	
129658508	
129351603	
97569570	
19428889	
94755715	
130141230	
93942143	
127986062	
132620590	
20942012	
21937394	
98383015	
73498668	
22076946	
22855614	
73392484	
102351305	
124228090	
131814763	
123847268	
3144925	
32501719	
32651315	
131741957	
92763376	
98114223	
122598333	
92710042	
92678240	
131628967	
97080454	
121683694	
121526330	
120181627	
90343673	
120092457	
68937667	
114807833	
130725239	
114799056	
68924764	
98788795	
107767918	
9133286	
64058239	
111779425	
110678753	
107693430	
66815645	
108361836	
93633157	
92551280	
127603422	
6858507	
121456916	
97965337	
97211342	
123687709	
38061576	
110847161	
102036561	
123140996	
113878310	
17190553	
80620237	
113147919	
91908770	
4283149	
97327206	
131196053	
96366362	
18146141	
129686958	
121947754	
130005124	
98238675	
13786811	
98636982	
10341581	
103638783	
101920802	
77589258	
107753590	
94024206	
92481297	
130188458	
96534444	
97141937	
130574041	
110087643	
68543142	
132223386	
132200252	
108317651	
22567664	
76999398	
92384680	
23015028	
58416726	
126089154	
125061784	
90595263	
69648904	
98770152	
96717525	
97985581	
124161114	
93446731	
98884857	
28222146	
90043481	
114884627	
14753184	
121480283	
79624217	
67008921	
66250176	
95292412	
110552122	
126943481	
21963497	
129295774	
127197857	
94797796	
97329886	
69137185	
90428857	
90893582	
110453965	
98781362	
110592757	
110734264	
111515699	
111602336	
6027383	
113125360	
131736105	
113896226	
131881477	
80992419	
8878704	
92428861	
130874146	
132233919	
48216193	
130860095	
96517693	
121886894	
122005614	
122015504	
130072659	
130071208	
99094746	
96441483	
98558884	
123069391	
98101964	
129844193	
17870904	
124408710	
102026522	
24964313	
24341930	
18201484	
124959037	
18226328	
18382688	
125785508	
125888541	
23214208	
93641597	
19210686	
126219090	
129435991	
2285452	
102117177	
93356268	
93269440	
114567619	
98713388	
5188952	
27511128	
92501336	
13745584	
2489593	
20874703	
129152118	
95019366	
94001063	
2461336	
69145776	
130011755	
108173485	
93657376	
122790532	
6587521	
97695048	
98546557	
17182037	
131532061	
112204424	
112226709	
58271582	
91383811	
113870559	
113872650	
129875864	
126942988	
99617322	
6090349	
69852692	
69629564	
130789079	
98881323	
130475208	
92726787	
129762860	
104093729	
131511694	
113883234	
66888069	
126850014	
79273013	
3554350	
98484438	
120095062	
131961149	
131869122	
131391876	
23631152	
131825938	
507576	
22010498	
97078271	
130830520	
123931947	
92522109	
130919288	
27286923	
93546386	
101215780	
130824085	
72344690	
92991341	
90966725	
127651435	
18973892	
71542198	
112229896	
93964830	
6441884	
128088514	
6375717	
130899650	
130660438	
130525751	
96627085	
130312531	
130274165	
98075326	
13780387	
96271170	
18124073	
18615887	
129406982	
19321817	
129187732	
93934039	
98425179	
22376661	
126552538	
93735130	
125892574	
125231182	
125165107	
98432388	
37765491	
92715675	
122047916	
120001023	
114536170	
91964290	
113893599	
91928197	
571166	
57880853	
112488695	
6124992	
6186034	
112051960	
111875610	
65605391	
111536544	
110964474	
66627997	
66641167	
66653595	
67504684	
67743869	
67922962	
107728265	
68150444	
10485111	
69537323	
102207313	
102160052	
73563878	
75141698	
101989231	
90085699	
77362977	
80988171	
80974219	
125184441	
67252850	
120093334	
68003211	
75151315	
69320897	
2220778	
112487385	
102271643	
57382018	
122795324	
121889111	
132879134	
47008792	
69719009	
103023100	
126561979	
113858908	
92469859	
130432332	
126244108	
18570510	
130389817	
132123124	
120104805	
92054810	
5290087	
11577662	
19348893	
5210198	
92247371	
92174851	
125283801	
108213628	
67066695	
23658039	
108302872	
2378047	
8909524	
23904251	
102795365	
126049738	
131034361	
127848137	
98431871	
130723742	
66348772	
130716964	
22675029	
2564380	
110816944	
65891848	
128523373	
95074332	
93392954	
124062175	
130656682	
129781640	
96060193	
17983537	
98457239	
126917368	
65649839	
111572155	
129240400	
111815603	
130634461	
8977386	
73419384	
131452217	
129357722	
93772945	
131477719	
97141784	
130477166	
126295902	
122960972	
3465259	
98097469	
21274230	
14192885	
102355904	
76839581	
131595152	
76832027	
128963858	
90083302	
1922995	
21954765	
112628465	
128301431	
23428973	
98805210	
101894989	
127187957	
113122916	
96529201	
22181024	
57391139	
98751914	
128485176	
130891093	
128070285	
128486667	
130794655	
125382151	
129681024	
102433088	
93497043	
124475263	
93484580	
27141091	
96292037	
127048139	
98628510	
122223789	
126283213	
43840914	
98628668	
101949574	
102278847	
98357766	
114796003	
83479145	
129522619	
112509275	
59186516	
112160659	
111777365	
131395819	
127749294	
100090279	
110262179	
67266794	
129198945	
20714647	
3379543	
92281985	
97794642	
123075605	
520094	
24760305	
66591239	
66526423	
102189229	
110598641	
21212841	
112108001	
21035069	
2317615	
124477671	
92025370	
19700533	
110699557	
98592795	
108095410	
129776033	
2613688	
102198946	
59039228	
51439175	
130946438	
121512302	
130453887	
129432705	
121551338	
67881870	
98062818	
56573964	
121865736	
91669175	
97420848	
21688649	
98252134	
98346460	
92767588	
107978163	
32758055	
96135526	
131057405	
102075373	
32333630	
65574669	
111816331	
131412625	
123787671	
17658440	
130796245	
6601826	
110691697	
110616284	
18179008	
131292062	
126678721	
125119112	
95964098	
67161528	
23437592	
98223996	
103632121	
98881318	
114912702	
92125806	
92071240	
98829051	
131320088	
130846557	
123757089	
129046562	
98154969	
131705111	
98323834	
96580194	
111599817	
127922924	
107786285	
98808995	
129764136	
123603289	
8914771	
92898596	
130505772	
124886151	
130452325	
68159193	
131312301	
131571376	
114775671	
97067463	
114529768	
96580758	
111562391	
111558956	
128403909	
98285415	
124298664	
19227302	
96659668	
18006120	
131413140	
76930448	
66130028	
130471824	
126298819	
4498412	
130787407	
129388658	
12594791	
93211922	
17019659	
130086979	
92599656	
130398319	
130985844	
5618484	
113182842	
113152081	
112063328	
110367803	
76756454	
90454848	
130788738	
127738586	
69415952	
129380262	
69425119	
126551983	
123994198	
110308606	
127780987	
97242335	
110698163	
102068180	
98941611	
114805751	
97273108	
129841455	
129780193	
19160789	
112621571	
18679467	
124114212	
131850273	
65625530	
93918716	
4656436	
130134952	
97792952	
122219481	
129892948	
102331414	
93227192	
129696713	
6184500	
103563829	
110449189	
129945325	
131066362	
130773993	
130052004	
68193557	
